0 0.2671875 0.5939814814814816 0.109375 0.06574074074074074
0 0.12213541666666666 0.5773148148148148 0.1046875 0.0787037037037037
0 0.4653645833333333 0.8805555555555555 0.1859375 0.2
0 0.46249999999999997 0.7388888888888889 0.17083333333333334 0.13518518518518519
0 0.5138020833333333 0.6333333333333333 0.10260416666666666 0.12037037037037038
0 0.37578125 0.6870370370370371 0.09010416666666667 0.12962962962962962
0 0.75234375 0.6027777777777777 0.06302083333333333 0.07962962962962963
0 0.5484375 0.48379629629629634 0.034375 0.04722222222222222
0 0.53671875 0.4375 0.0328125 0.04722222222222222
1 0.47552083333333334 0.4310185185185185 0.046875 0.07314814814814816
