0 0.1859375 0.18020833333333333 0.03515625 0.07430555555555556
0 0.2720703125 0.16354166666666667 0.039453125000000006 0.04652777777777778
0 0.2935546875 0.13784722222222223 0.033203125 0.04097222222222222
0 0.2634765625 0.12708333333333333 0.028515625000000003 0.044444444444444446
0 0.31093750000000003 0.12708333333333333 0.026562500000000003 0.0375
0 0.36347656250000004 0.09965277777777778 0.023828125000000002 0.03125
0 0.39394531250000003 0.09131944444444445 0.013671875 0.02847222222222222
0 0.434375 0.14722222222222223 0.034375 0.05277777777777778
0 0.49765625 0.13819444444444445 0.018750000000000003 0.04166666666666667
0 0.4849609375 0.10347222222222223 0.022265625 0.03194444444444445
0 0.515625 0.10173611111111111 0.0171875 0.03263888888888889
0 0.49531250000000004 0.09479166666666668 0.0171875 0.02847222222222222
0 0.5740234375000001 0.08993055555555556 0.012109375 0.027083333333333334
0 0.444140625 0.19895833333333335 0.045312500000000006 0.06180555555555556
0 0.36015625 0.22013888888888888 0.051562500000000004 0.06805555555555556
0 0.31269531250000004 0.2857638888888889 0.063671875 0.08958333333333333
0 0.5177734375 0.06701388888888889 0.019140625 0.027083333333333334
0 0.505078125 0.08229166666666667 0.01640625 0.02291666666666667
0 0.38046875 0.08090277777777778 0.0171875 0.029861111111111113
0 0.45820312500000004 0.059722222222222225 0.014843750000000001 0.025
1 0.401953125 0.484375 0.2171875 0.47847222222222224
0 0.4736328125 0.14305555555555557 0.043359375000000006 0.08472222222222223
