0 0.4548828125 0.12638888888888888 0.023046875 0.0375
0 0.22324218750000002 0.1434027777777778 0.032421875 0.03958333333333333
0 0.467578125 0.1684027777777778 0.035937500000000004 0.04791666666666667
0 0.4423828125 0.1388888888888889 0.031640625 0.04722222222222222
0 0.59921875 0.20034722222222223 0.046875 0.06180555555555556
0 0.38046875 0.19444444444444445 0.04453125 0.059722222222222225
0 0.3853515625 0.3104166666666667 0.071484375 0.09305555555555556
0 0.22675781250000002 0.34444444444444444 0.083203125 0.10555555555555556
0 0.5619140625 0.09375 0.019140625 0.02777777777777778
0 0.553125 0.11284722222222222 0.022656250000000003 0.02847222222222222
0 0.5513671875 0.13958333333333334 0.030859375 0.04166666666666667
0 0.0166015625 0.26493055555555556 0.033203125 0.07291666666666667
0 0.19140625 0.19375 0.041406250000000006 0.075
0 0.22109375 0.1232638888888889 0.030468750000000003 0.03680555555555556
0 0.185546875 0.14097222222222222 0.03359375 0.0375
0 0.2619140625 0.11284722222222222 0.026171875 0.03958333333333333
1 0.6443359375000001 0.4881944444444445 0.21992187500000002 0.4777777777777778
0 0.2625 0.1482638888888889 0.03359375 0.04236111111111111
0 0.29238281250000003 0.15208333333333335 0.032421875 0.036111111111111115
0 0.28066406250000003 0.12604166666666666 0.030859375 0.03402777777777778
0 0.3203125 0.1357638888888889 0.02890625 0.03819444444444445
0 0.33417968750000004 0.11180555555555556 0.030078125 0.03194444444444445
0 0.35468750000000004 0.10451388888888889 0.021875000000000002 0.029861111111111113
0 0.39199218750000003 0.09444444444444444 0.023046875 0.022222222222222223
0 0.5291015625000001 0.09652777777777778 0.022265625 0.03194444444444445
0 0.4921875 0.08923611111111111 0.01640625 0.029861111111111113
0 0.5109375 0.13055555555555556 0.028125 0.044444444444444446
0 0.4841796875 0.09965277777777778 0.023046875 0.035416666666666666
