0 0.5640625 0.11388888888888889 0.02109375 0.03888888888888889
0 0.30097656250000004 0.09131944444444445 0.024609375000000003 0.050694444444444445
0 0.5380859375 0.07395833333333333 0.016015625000000002 0.027083333333333334
0 0.5144531250000001 0.07187500000000001 0.0171875 0.027083333333333334
0 0.601171875 0.1 0.0328125 0.044444444444444446
1 0.439453125 0.42118055555555556 0.18828125 0.40902777777777777
1 0.6140625000000001 0.22361111111111112 0.0921875 0.20833333333333334
1 0.5240234375 0.15833333333333333 0.066796875 0.14722222222222223
0 0.1751953125 0.15868055555555557 0.032421875 0.04097222222222222
0 0.2541015625 0.165625 0.034765625 0.029861111111111113
0 0.3033203125 0.125 0.028515625000000003 0.04583333333333334
0 0.22714843750000002 0.49583333333333335 0.121484375 0.1527777777777778
0 0.237109375 0.11388888888888889 0.02890625 0.05416666666666667
0 0.28359375000000003 0.15 0.034375 0.03888888888888889
0 0.4546875 0.1295138888888889 0.0328125 0.04791666666666667
0 0.39003906250000003 0.09375 0.025390625 0.030555555555555558
0 0.36269531250000003 0.10798611111111112 0.025390625 0.02847222222222222
0 0.330859375 0.09861111111111112 0.021875000000000002 0.02777777777777778
0 0.2783203125 0.11736111111111111 0.020703125000000003 0.029166666666666667
0 0.48750000000000004 0.09375 0.02109375 0.036111111111111115
