1 0.640234375 0.5815972222222222 0.24453125 0.6798611111111111
0 0.178125 0.3732638888888889 0.10312500000000001 0.14097222222222222
0 0.30507812500000003 0.09375 0.0203125 0.02777777777777778
0 0.1453125 0.5951388888888889 0.140625 0.1902777777777778
0 0.0345703125 0.8815972222222223 0.069140625 0.23125
0 0.2087890625 0.16909722222222223 0.042578125 0.05625
0 0.2548828125 0.140625 0.037890625000000004 0.052083333333333336
0 0.31660156250000004 0.253125 0.056640625 0.07986111111111112
0 0.36484375 0.18993055555555557 0.049218750000000006 0.07569444444444445
0 0.44277343750000003 0.14444444444444446 0.034765625 0.029166666666666667
0 0.437109375 0.13472222222222222 0.032031250000000004 0.03888888888888889
0 0.451953125 0.11805555555555557 0.028125 0.04583333333333334
0 0.50234375 0.11944444444444445 0.026562500000000003 0.0375
0 0.48769531250000003 0.13680555555555557 0.031640625 0.04722222222222222
0 0.5421875 0.14305555555555557 0.0328125 0.04583333333333334
0 0.5951171875 0.1295138888888889 0.028515625000000003 0.04097222222222222
0 0.5583984375000001 0.1125 0.026953125 0.043055555555555555
0 0.46894531250000004 0.10208333333333333 0.025390625 0.04027777777777778
0 0.4890625 0.08923611111111111 0.022656250000000003 0.035416666666666666
0 0.3025390625 0.10138888888888889 0.020703125000000003 0.029166666666666667
0 0.32265625000000003 0.11388888888888889 0.026562500000000003 0.0375
