0 0.09140625 0.4949074074074074 0.044270833333333336 0.03981481481481482
0 0.029947916666666668 0.4962962962962963 0.03802083333333333 0.037037037037037035
0 0.7375 0.7175925925925927 0.08125 0.12222222222222223
0 0.6299479166666666 0.6930555555555555 0.07864583333333333 0.12685185185185185
0 0.51640625 0.7078703703703704 0.07760416666666667 0.1175925925925926
0 0.14166666666666666 0.5046296296296297 0.05 0.040740740740740744
0 0.19114583333333332 0.4902777777777778 0.059375 0.032407407407407406
0 0.18645833333333334 0.5152777777777778 0.05520833333333333 0.04351851851851852
0 0.5268229166666667 0.4652777777777778 0.0453125 0.04166666666666667
1 0.7229166666666667 0.44722222222222224 0.058333333333333334 0.07777777777777778
1 0.7471354166666666 0.4203703703703704 0.024479166666666666 0.05185185185185186
0 0.9666666666666667 0.5365740740740741 0.06458333333333333 0.049074074074074076
