0 0.48411458333333335 0.46296296296296297 0.04739583333333333 0.02962962962962963
0 0.28541666666666665 0.9064814814814816 0.21458333333333332 0.1814814814814815
0 0.5557291666666666 0.5513888888888889 0.05 0.06944444444444445
0 0.5057291666666667 0.6990740740740741 0.09895833333333333 0.12407407407407407
0 0.27057291666666666 0.6287037037037038 0.12447916666666667 0.14444444444444446
0 0.22682291666666665 0.48703703703703705 0.04739583333333333 0.037037037037037035
0 0.6763020833333333 0.4550925925925926 0.019270833333333334 0.032407407407407406
0 0.7286458333333333 0.49212962962962964 0.04375 0.03981481481481482
0 0.7270833333333333 0.5152777777777778 0.059375 0.062037037037037036
1 0.5661458333333333 0.4532407407407408 0.07395833333333333 0.075
0 0.5197916666666667 0.46574074074074073 0.022916666666666665 0.040740740740740744
0 0.5692708333333333 0.6268518518518519 0.05625 0.08703703703703704
0 0.15390625 0.5074074074074074 0.05677083333333333 0.03518518518518519
