0 0.45625000000000004 0.15590277777777778 0.034375 0.03819444444444445
0 0.2701171875 0.2847222222222222 0.065234375 0.09027777777777778
0 0.3541015625 0.3197916666666667 0.056640625 0.09791666666666667
0 0.409765625 0.15 0.037500000000000006 0.036111111111111115
0 0.1162109375 0.6090277777777778 0.152734375 0.24166666666666667
0 0.3408203125 0.7159722222222222 0.164453125 0.23611111111111113
0 0.653515625 0.6934027777777778 0.15859375 0.2548611111111111
0 0.4353515625 0.12395833333333334 0.034765625 0.05347222222222223
0 0.6220703125 0.22569444444444445 0.055859375 0.08194444444444444
0 0.602734375 0.17777777777777778 0.040625 0.05416666666666667
0 0.530859375 0.2059027777777778 0.028125 0.06458333333333334
0 0.52734375 0.1670138888888889 0.037500000000000006 0.052083333333333336
0 0.5388671875000001 0.13784722222222223 0.030078125 0.04236111111111111
0 0.547265625 0.12291666666666667 0.025 0.0375
0 0.555859375 0.11319444444444444 0.0234375 0.0375
0 0.394140625 0.17708333333333334 0.03671875 0.05277777777777778
0 0.34453125 0.2059027777777778 0.05078125 0.07291666666666667
0 0.4498046875 0.11180555555555556 0.030078125 0.04583333333333334
0 0.5220703125 0.08541666666666667 0.021484375 0.029166666666666667
0 0.5574218750000001 0.08784722222222223 0.022656250000000003 0.027083333333333334
0 0.47382812500000004 0.09548611111111112 0.01640625 0.03125
0 0.5376953125 0.0625 0.016796875 0.025
0 0.578125 0.09618055555555556 0.015625 0.03263888888888889
1 0.44921875 0.33784722222222224 0.153125 0.3423611111111111
1 0.265234375 0.07986111111111112 0.04296875 0.06666666666666667
0 0.065234375 0.1701388888888889 0.041406250000000006 0.0638888888888889
0 0.08867187500000001 0.21909722222222222 0.0328125 0.05486111111111111
0 0.20468750000000002 0.16597222222222222 0.057031250000000006 0.09166666666666667
0 0.23945312500000002 0.14791666666666667 0.021875000000000002 0.04722222222222222
0 0.27734375 0.14965277777777777 0.035937500000000004 0.03680555555555556
0 0.31367187500000004 0.1277777777777778 0.030468750000000003 0.03888888888888889
0 0.2623046875 0.14375000000000002 0.032421875 0.043055555555555555
0 0.316015625 0.0920138888888889 0.030468750000000003 0.03958333333333333
0 0.33027343750000004 0.11041666666666668 0.023046875 0.019444444444444445
0 0.34785156250000004 0.08993055555555556 0.019921875000000002 0.021527777777777778
0 0.358984375 0.084375 0.01953125 0.021527777777777778
0 0.28750000000000003 0.12048611111111111 0.02421875 0.04513888888888889
0 0.34980468750000004 0.10625 0.023828125000000002 0.018055555555555557
0 0.47304687500000003 0.1423611111111111 0.029687500000000002 0.044444444444444446
