0 0.47500000000000003 0.10486111111111111 0.025 0.0375
0 0.5642578125000001 0.08333333333333334 0.018359375 0.02638888888888889
0 0.05390625 0.26180555555555557 0.0703125 0.05277777777777778
0 0.01953125 0.24583333333333335 0.0390625 0.08888888888888889
0 0.1873046875 0.18506944444444445 0.024609375000000003 0.05486111111111111
0 0.2283203125 0.13611111111111113 0.014453125 0.03888888888888889
0 0.29531250000000003 0.146875 0.034375 0.03958333333333333
0 0.2916015625 0.13402777777777777 0.028515625000000003 0.0375
0 0.353125 0.09166666666666667 0.01953125 0.02638888888888889
0 0.4595703125 0.1746527777777778 0.039453125000000006 0.052083333333333336
0 0.4587890625 0.23645833333333335 0.051953125 0.07013888888888889
0 0.4361328125 0.20694444444444446 0.044140625 0.07222222222222223
0 0.3833984375 0.18958333333333335 0.042578125 0.058333333333333334
0 0.34882812500000004 0.21666666666666667 0.05078125 0.06805555555555556
0 0.36171875000000003 0.32743055555555556 0.07734375 0.11736111111111111
0 0.1501953125 0.42812500000000003 0.102734375 0.12708333333333333
1 0.667578125 0.5729166666666667 0.24453125 0.5736111111111112
