0 0.21835937500000002 0.1295138888888889 0.03515625 0.04930555555555556
0 0.2546875 0.134375 0.032031250000000004 0.05347222222222223
0 0.27285156250000003 0.10729166666666667 0.022265625 0.04097222222222222
0 0.2931640625 0.11631944444444445 0.032421875 0.05347222222222223
0 0.36171875000000003 0.09791666666666667 0.026562500000000003 0.025
0 0.3828125 0.08680555555555555 0.021875000000000002 0.022222222222222223
0 0.39589843750000003 0.06701388888888889 0.018359375 0.02291666666666667
0 0.47890625000000003 0.09375 0.02421875 0.036111111111111115
0 0.33730468750000003 0.33472222222222225 0.082421875 0.10694444444444445
0 0.5611328125 0.12222222222222223 0.031640625 0.05
0 0.5015625 0.07048611111111111 0.017968750000000002 0.02847222222222222
0 0.5626953125 0.07152777777777779 0.019140625 0.02361111111111111
0 0.5529296875 0.044097222222222225 0.014453125 0.03125
0 0.1126953125 0.425 0.10507812500000001 0.13472222222222222
0 0.35703125 0.6159722222222223 0.15234375 0.225
1 0.6470703125 0.4322916666666667 0.189453125 0.44097222222222227
0 0.491015625 0.33993055555555557 0.07578125000000001 0.11597222222222223
0 0.5279296875 0.23993055555555556 0.056640625 0.07986111111111112
0 0.43281250000000004 0.2059027777777778 0.053125000000000006 0.08402777777777778
0 0.37050781250000003 0.19722222222222224 0.050390625 0.06527777777777778
0 0.2974609375 0.25833333333333336 0.069140625 0.09444444444444444
