0 0.2662109375 0.3059027777777778 0.074609375 0.11041666666666668
1 0.35625 0.6163194444444444 0.28046875 0.5909722222222222
0 0.46425781250000003 0.11840277777777779 0.019921875000000002 0.03680555555555556
0 0.6039062500000001 0.13819444444444445 0.0328125 0.04722222222222222
0 0.56171875 0.09965277777777778 0.025 0.029861111111111113
0 0.4794921875 0.09791666666666667 0.023828125000000002 0.02777777777777778
0 0.396484375 0.07777777777777778 0.015625 0.034722222222222224
0 0.5222656250000001 0.08888888888888889 0.014843750000000001 0.03333333333333333
0 0.4482421875 0.12812500000000002 0.032421875 0.04791666666666667
0 0.5447265625000001 0.1451388888888889 0.037890625000000004 0.05
0 0.4921875 0.1326388888888889 0.03125 0.05
0 0.4421875 0.16805555555555557 0.047656250000000004 0.061111111111111116
0 0.5103515625 0.10625 0.026953125 0.044444444444444446
0 0.44453125000000004 0.20659722222222224 0.05390625 0.06736111111111111
0 0.5216796875 0.240625 0.056640625 0.07847222222222222
0 0.052539062500000004 0.184375 0.048828125 0.06736111111111111
0 0.21933593750000002 0.1590277777777778 0.042578125 0.0638888888888889
0 0.5955078125000001 0.06805555555555556 0.017578125 0.02777777777777778
0 0.566015625 0.06284722222222222 0.01640625 0.027083333333333334
0 0.5369140625000001 0.07916666666666666 0.019140625 0.02638888888888889
0 0.4236328125 0.07361111111111111 0.016015625000000002 0.02777777777777778
0 0.3794921875 0.07847222222222222 0.017578125 0.030555555555555558
0 0.31367187500000004 0.13229166666666667 0.0328125 0.04236111111111111
0 0.353125 0.10381944444444445 0.026562500000000003 0.03819444444444445
0 0.30878906250000004 0.09409722222222222 0.025390625 0.035416666666666666
