0 0.4348958333333333 0.48194444444444445 0.08854166666666667 0.062037037037037036
0 0.5604166666666667 0.48703703703703705 0.09791666666666667 0.06481481481481481
0 0.4705729166666667 0.46064814814814814 0.08489583333333334 0.05277777777777778
0 0.2947916666666667 0.47962962962962963 0.09895833333333333 0.061111111111111116
0 0.20104166666666667 0.512962962962963 0.121875 0.06851851851851852
0 0.14869791666666665 0.4449074074074074 0.0671875 0.062037037037037036
0 0.5528645833333333 0.5662037037037038 0.14739583333333334 0.08981481481481482
0 0.6018229166666667 0.4712962962962963 0.05677083333333333 0.05555555555555556
1 0.8937499999999999 0.4222222222222222 0.18229166666666666 0.10555555555555556
1 0.60703125 0.43472222222222223 0.1953125 0.11944444444444445
0 0.7934895833333333 0.46435185185185185 0.08802083333333333 0.05462962962962963
