0 0.486328125 0.13472222222222222 0.025781250000000002 0.043055555555555555
0 0.45917968750000004 0.11666666666666667 0.026953125 0.04166666666666667
0 0.4265625 0.146875 0.035937500000000004 0.05347222222222223
0 0.40234375 0.17291666666666666 0.0421875 0.0625
0 0.3650390625 0.20243055555555556 0.051171875000000006 0.07569444444444445
0 0.114453125 0.45555555555555555 0.1125 0.17083333333333334
0 0.5876953125000001 0.44548611111111114 0.10820312500000001 0.20208333333333334
0 0.16875 0.5305555555555556 0.05390625 0.20694444444444446
0 0.5173828125000001 0.20451388888888888 0.041796875000000004 0.06180555555555556
0 0.5013671875 0.25972222222222224 0.061328125000000004 0.0763888888888889
0 0.014453125 0.2621527777777778 0.029687500000000002 0.07430555555555556
0 0.19492187500000002 0.36041666666666666 0.09765625 0.13194444444444445
0 0.06796875000000001 0.76875 0.13359375 0.2916666666666667
0 0.4705078125 0.17326388888888888 0.036328125 0.06736111111111111
0 0.3046875 0.2711805555555556 0.06406250000000001 0.08263888888888889
1 0.5744140625 0.1875 0.079296875 0.17222222222222222
1 0.33027343750000004 0.6246527777777778 0.29335937500000003 0.5951388888888889
0 0.382421875 0.1 0.028125 0.02638888888888889
1 0.37324218750000004 0.06145833333333334 0.033984375000000004 0.05486111111111111
0 0.35566406250000004 0.11145833333333334 0.030859375 0.02847222222222222
0 0.33730468750000003 0.09652777777777778 0.017578125 0.030555555555555558
0 0.338671875 0.08055555555555556 0.021875000000000002 0.030555555555555558
0 0.31367187500000004 0.10277777777777779 0.02421875 0.036111111111111115
0 0.3181640625 0.12118055555555556 0.025390625 0.03680555555555556
0 0.287890625 0.13402777777777777 0.029687500000000002 0.0375
0 0.257421875 0.1434027777777778 0.0328125 0.043750000000000004
0 0.268359375 0.15972222222222224 0.0390625 0.04583333333333334
0 0.21542968750000002 0.16354166666666667 0.036328125 0.05347222222222223
0 0.062109375 0.24618055555555557 0.07968750000000001 0.07847222222222222
0 0.5296875 0.08229166666666667 0.018750000000000003 0.029861111111111113
0 0.49042968750000004 0.10312500000000001 0.026171875 0.03263888888888889
0 0.511328125 0.11388888888888889 0.025781250000000002 0.034722222222222224
0 0.525 0.15243055555555557 0.02734375 0.043750000000000004
