0 0.9406249999999999 0.55 0.10208333333333333 0.07777777777777778
0 0.40390624999999997 0.8324074074074075 0.14010416666666667 0.16296296296296298
0 0.5302083333333333 0.5921296296296297 0.0875 0.08796296296296297
0 0.5338541666666666 0.6782407407407408 0.08541666666666667 0.11388888888888889
1 0.5307291666666667 0.45740740740740743 0.10625 0.08148148148148149
1 0.20598958333333334 0.45833333333333337 0.10781249999999999 0.07407407407407407
0 0.6606770833333333 0.48888888888888893 0.033854166666666664 0.03888888888888889
0 0.165625 0.5092592592592593 0.0625 0.03888888888888889
0 0.25078125 0.48888888888888893 0.05677083333333333 0.03518518518518519
0 0.35234375 0.4763888888888889 0.049479166666666664 0.036111111111111115
0 0.72890625 0.48564814814814816 0.06197916666666667 0.06944444444444445
0 0.8869791666666667 0.5638888888888889 0.09479166666666666 0.06666666666666667
0 0.7354166666666666 0.7976851851851852 0.13541666666666666 0.14907407407407408
0 0.6223958333333334 0.7074074074074075 0.08541666666666667 0.12037037037037038
