0 0.5002604166666667 0.16990740740740742 0.0484375 0.03796296296296296
0 0.17760416666666667 0.8486111111111111 0.3520833333333333 0.2935185185185185
0 0.7432291666666666 0.3787037037037037 0.090625 0.11481481481481481
0 0.25677083333333334 0.5171296296296296 0.19375 0.16944444444444445
0 0.04739583333333333 0.5638888888888889 0.09375 0.11481481481481481
0 0.08723958333333333 0.7092592592592593 0.17239583333333333 0.21851851851851853
0 0.7083333333333334 0.26851851851851855 0.09479166666666666 0.08148148148148149
0 0.7546875 0.18287037037037038 0.04375 0.03425925925925926
0 0.6057291666666667 0.4388888888888889 0.12916666666666665 0.1425925925925926
0 0.42682291666666666 0.5421296296296296 0.20364583333333333 0.18055555555555555
0 0.7234375 0.500925925925926 0.14270833333333333 0.1574074074074074
0 0.5104166666666666 0.40231481481481485 0.12604166666666666 0.11944444444444445
0 0.6614583333333334 0.35555555555555557 0.09791666666666667 0.09444444444444444
1 0.6661458333333333 0.17175925925925928 0.134375 0.09166666666666667
