0 0.258984375 0.16284722222222223 0.03828125 0.03680555555555556
0 0.1658203125 0.5527777777777778 0.103515625 0.225
0 0.022656250000000003 0.20173611111111112 0.04453125 0.07708333333333334
0 0.0873046875 0.18958333333333335 0.033984375000000004 0.05555555555555556
0 0.110546875 0.13506944444444444 0.03359375 0.06458333333333334
0 0.178515625 0.15208333333333335 0.029687500000000002 0.05
0 0.2021484375 0.14270833333333333 0.030078125 0.043750000000000004
0 0.27285156250000003 0.12708333333333333 0.034765625 0.03888888888888889
0 0.3025390625 0.11875000000000001 0.027734375000000002 0.04166666666666667
0 0.554296875 0.10208333333333333 0.02421875 0.03888888888888889
0 0.568359375 0.09618055555555556 0.02109375 0.03958333333333333
0 0.5638671875 0.06840277777777778 0.017578125 0.024305555555555556
0 0.5378906250000001 0.08923611111111111 0.0203125 0.027083333333333334
0 0.5119140625 0.10069444444444445 0.023828125000000002 0.03194444444444445
0 0.5222656250000001 0.084375 0.01640625 0.02291666666666667
0 0.46171875 0.1684027777777778 0.03828125 0.05486111111111111
0 0.480078125 0.14270833333333333 0.034375 0.04513888888888889
0 0.4169921875 0.1451388888888889 0.037109375 0.05416666666666667
0 0.44843750000000004 0.12118055555555556 0.028125 0.04236111111111111
0 0.47480468750000004 0.09791666666666667 0.023828125000000002 0.0375
0 0.48945312500000004 0.08923611111111111 0.0171875 0.03125
0 0.4927734375 0.078125 0.019921875000000002 0.03263888888888889
0 0.513671875 0.06458333333333334 0.017968750000000002 0.025
1 0.3505859375 0.6239583333333334 0.294921875 0.5993055555555555
