0 0.48359375 0.46296296296296297 0.04739583333333333 0.02777777777777778
0 0.15390625 0.5074074074074074 0.05677083333333333 0.03518518518518519
0 0.22682291666666665 0.48703703703703705 0.04739583333333333 0.037037037037037035
1 0.28671875 0.4569444444444445 0.11927083333333333 0.075
0 0.48463541666666665 0.49768518518518523 0.0390625 0.03981481481481482
0 0.8171875 0.5157407407407407 0.03229166666666666 0.053703703703703705
0 0.8684895833333334 0.5898148148148148 0.0734375 0.07777777777777778
0 0.7088541666666667 0.48703703703703705 0.040625 0.0462962962962963
0 0.6760416666666667 0.46620370370370373 0.02395833333333333 0.03425925925925926
0 0.5864583333333333 0.5375 0.040625 0.0712962962962963
0 0.5309895833333333 0.46481481481481485 0.043229166666666666 0.040740740740740744
0 0.5075520833333333 0.4861111111111111 0.03802083333333333 0.04259259259259259
