0 0.2302734375 0.1357638888888889 0.033203125 0.04097222222222222
0 0.39570312500000004 0.08958333333333333 0.018750000000000003 0.02361111111111111
0 0.0134765625 0.253125 0.027734375000000002 0.05763888888888889
0 0.07871093750000001 0.23541666666666666 0.038671875 0.05277777777777778
0 0.1767578125 0.1982638888888889 0.046484375 0.06180555555555556
0 0.19980468750000002 0.16458333333333333 0.037890625000000004 0.04861111111111111
0 0.2224609375 0.18055555555555555 0.041796875000000004 0.04861111111111111
0 0.5337890625 0.07569444444444445 0.016015625000000002 0.02638888888888889
0 0.58046875 0.09444444444444444 0.0203125 0.029166666666666667
0 0.496875 0.08750000000000001 0.018750000000000003 0.02777777777777778
1 0.6531250000000001 0.5652777777777778 0.24921875000000002 0.5305555555555556
0 0.21054687500000002 0.12291666666666667 0.028125 0.036111111111111115
0 0.2537109375 0.1267361111111111 0.026953125 0.03680555555555556
0 0.29042968750000003 0.14652777777777778 0.036328125 0.03888888888888889
0 0.291796875 0.12118055555555556 0.02890625 0.024305555555555556
0 0.2880859375 0.10173611111111111 0.020703125000000003 0.029861111111111113
0 0.32109375 0.11666666666666667 0.02734375 0.034722222222222224
0 0.3111328125 0.08888888888888889 0.021484375 0.02777777777777778
0 0.32050781250000004 0.08055555555555556 0.022265625 0.03888888888888889
0 0.33984375 0.10347222222222223 0.0203125 0.034722222222222224
0 0.3603515625 0.09305555555555556 0.018359375 0.022222222222222223
0 0.1171875 0.4545138888888889 0.11171875 0.14791666666666667
0 0.29765625 0.43194444444444446 0.1046875 0.16111111111111112
0 0.41035156250000004 0.24409722222222224 0.053515625000000004 0.07430555555555556
0 0.526953125 0.24583333333333335 0.05625 0.09305555555555556
0 0.603125 0.26319444444444445 0.06484375 0.1
0 0.44746093750000004 0.13055555555555556 0.030078125 0.04027777777777778
0 0.5296875 0.1371527777777778 0.03125 0.04236111111111111
0 0.5099609375 0.10902777777777778 0.023828125000000002 0.04027777777777778
0 0.5232421875000001 0.08576388888888889 0.023828125000000002 0.03402777777777778
0 0.5625 0.10104166666666667 0.021875000000000002 0.03263888888888889
