0 0.6388671875 0.14722222222222223 0.019140625 0.02777777777777778
0 0.2587890625 0.5048611111111111 0.105859375 0.1527777777777778
0 0.6115234375 0.14375000000000002 0.021484375 0.03194444444444445
0 0.43398437500000003 0.35347222222222224 0.0734375 0.09722222222222222
0 0.6521484375000001 0.22881944444444446 0.040234375 0.05486111111111111
0 0.2580078125 0.7444444444444445 0.183984375 0.24166666666666667
0 0.952734375 0.1795138888888889 0.0234375 0.02847222222222222
1 0.0716796875 0.3548611111111111 0.141015625 0.31666666666666665
0 0.17695312500000002 0.5534722222222223 0.1296875 0.16527777777777777
0 0.6119140625 0.18506944444444445 0.029296875 0.03819444444444445
0 0.6820312500000001 0.14409722222222224 0.017968750000000002 0.02847222222222222
0 0.09160156250000001 0.6621527777777778 0.164453125 0.23402777777777778
0 0.5779296875000001 0.14583333333333334 0.019921875000000002 0.030555555555555558
0 0.5234375 0.20868055555555556 0.035937500000000004 0.05625
0 0.460546875 0.2868055555555556 0.06328125 0.08055555555555556
