0 0.3189453125 0.23958333333333334 0.057421875000000004 0.08472222222222223
0 0.37246093750000003 0.27569444444444446 0.073046875 0.05694444444444444
0 0.4927734375 0.3888888888888889 0.07695312500000001 0.11944444444444445
0 0.18808593750000002 0.3697916666666667 0.087109375 0.11458333333333334
0 0.48671875000000003 0.14618055555555556 0.026562500000000003 0.043750000000000004
0 0.4490234375 0.12569444444444444 0.028515625000000003 0.0375
0 0.4654296875 0.15833333333333333 0.037109375 0.05416666666666667
0 0.41875 0.153125 0.034375 0.04652777777777778
0 0.4498046875 0.19409722222222223 0.045703125000000004 0.06736111111111111
0 0.5183593750000001 0.09548611111111112 0.02109375 0.03263888888888889
0 0.38417968750000003 0.18472222222222223 0.041015625 0.05416666666666667
0 0.5234375 0.22708333333333333 0.05234375 0.06805555555555556
0 0.5326171875 0.171875 0.036328125 0.05347222222222223
0 0.54453125 0.14583333333333334 0.0328125 0.044444444444444446
0 0.08671875000000001 0.21944444444444444 0.03828125 0.06527777777777778
0 0.2205078125 0.16284722222222223 0.035546875 0.052083333333333336
0 0.24433593750000002 0.17291666666666666 0.042578125 0.04722222222222222
0 0.2318359375 0.13402777777777777 0.033984375000000004 0.034722222222222224
0 0.2314453125 0.11388888888888889 0.028515625000000003 0.03333333333333333
0 0.2736328125 0.1371527777777778 0.027734375000000002 0.04236111111111111
0 0.2908203125 0.14618055555555556 0.037109375 0.04236111111111111
0 0.32343750000000004 0.11875000000000001 0.0234375 0.04027777777777778
0 0.351171875 0.10347222222222223 0.018750000000000003 0.029166666666666667
0 0.36933593750000004 0.10451388888888889 0.022265625 0.025694444444444447
0 0.3388671875 0.08263888888888889 0.017578125 0.02361111111111111
0 0.36953125000000003 0.08194444444444444 0.0203125 0.022222222222222223
0 0.4009765625 0.08055555555555556 0.019140625 0.019444444444444445
0 0.5490234375 0.11840277777777779 0.026171875 0.03680555555555556
0 0.597265625 0.12534722222222222 0.028125 0.03819444444444445
0 0.4978515625 0.12222222222222223 0.023046875 0.04722222222222222
0 0.41718750000000004 0.2420138888888889 0.055468750000000004 0.07986111111111112
0 0.5384765625 0.07326388888888889 0.016796875 0.02291666666666667
0 0.4765625 0.10486111111111111 0.02421875 0.03333333333333333
0 0.358984375 0.21145833333333333 0.047656250000000004 0.06597222222222222
1 0.32441406250000004 0.5864583333333333 0.295703125 0.5798611111111112
0 0.4939453125 0.08923611111111111 0.018359375 0.021527777777777778
